0 = 0.0 1.0 1.0 #!
1 = 0 0.66 0.33
2 = 0 0.66 0.33
3 = 0 0.66 0.33
4 = 0 0.66 0.33
11 = 1.0 0 1.0
12 = 1.0 0 1.0
13 = 1.0 0 1.0
14 = 1.0 0 1.0
90 = 1.0 0 0 #!
91 = 1.0 0 0
92 = 1.0 0 0
93 = 1.0 0 0
100 = 1.0 1.0 0 #!
101 = 1.0 1.0 0
102 = 1.0 1.0 0
103 = 1.0 1.0 0
200 = 0 0 1.0
201 = 0 0 1.0
202 = 0 0 1.0
203 = 0 0 1.0
210 = 0 0 1.0
211 = 0 0 1.0
212 = 0 0 1.0
213 = 0 0 1.0
220 = 0 0 1.0
221 = 0 0 1.0
222 = 0 0 1.0
223 = 0 0 1.0
230 = 0 0 1.0
231 = 0 0 1.0
232 = 0 0 1.0
233 = 0 0 1.0
255 = 0.5 0.5 0.5
